$ 3 0.000005 0.012451447144412297 54 7 50 5e-11
a 296 168 384 168 9 10 0 1000000 5.0477696644158225 4 100000
a 296 264 384 264 9 10 0 1000000 8 5.0477696644158225 100000
r 240 56 240 104 0 5000
r 240 104 240 152 0 5000
w 240 152 240 280 0
r 240 280 240 328 0 5000
w 240 152 272 152 0
w 240 104 272 104 0
w 272 104 272 280 0
w 272 280 296 280 2
w 464 176 464 192 0
w 384 184 384 192 0
w 384 192 464 240 0
w 464 240 464 256 0
w 384 240 384 248 0
w 384 240 464 192 0
R 88 -8 88 -40 0 0 40 12 0 0 0.5
r 88 -8 88 120 0 1000
w 88 120 216 120 0
w 216 120 216 352 0
w 88 184 88 248 0
c 88 264 88 352 0 1e-7 5.0477696644158225 0.001
g 88 352 88 408 0 0
r 384 368 464 368 0 10000
w 464 176 496 176 0
w 464 368 496 368 0
153 384 256 464 256 1 2 0 10
153 384 176 464 176 1 2 10 10
w 496 176 496 368 0
O 688 160 744 160 0 0
w 88 184 296 184 0
w 88 248 296 248 0
t 328 368 296 368 0 1 0.5894485086822316 0.6645690511391347 100 default
w 216 352 296 352 0
g 296 384 296 408 0 0
w 328 368 384 368 0
x 120 115 189 118 4 16 discharge
x 129 178 174 181 4 16 trigger
x 120 242 185 245 4 16 threshold
w 272 104 272 32 0
x 272 22 320 25 4 16 control
b 562 390 200 40 0
w 240 328 240 384 0
w 240 384 296 384 0
I 496 176 560 176 0 0.5 10
174 -40 88 -80 144 1 10000 0.5 Resistance
d 56 88 -24 88 2 default
d -24 152 56 152 2 default
w 56 88 56 120 0
w 56 120 88 120 0
w 56 120 56 152 0
w -80 120 -80 184 0
w -80 184 88 184 0
w -24 88 -40 88 0
w -40 152 -24 152 0
r 560 176 640 176 0 1000
f 640 176 688 176 32 1.5 0.02
g 688 192 688 400 0 0
w 240 56 240 -8 0
w 88 -8 240 -8 0
w 240 -8 560 -8 0
w 688 72 688 160 0
r 560 -8 688 -8 0 1000
162 688 -8 688 72 2 default-led 1 0 0 0.01
368 88 264 40 264 0 0
w 88 248 88 264 0
w 272 152 296 152 2
o 21 1 0 135426 10 0.00625 0 2 21 3
o 29 1 0 143626 11.225856346981281 0.0001 1 1
