$ 1 0.000005 0.32112705431535615 57 7 50 5e-11
w 160 192 160 224 0
w 112 224 160 224 0
c 112 224 112 288 0 1e-7 7.60705008892785 0.001
g 112 288 112 304 0 0
w 144 64 240 64 0
R 144 64 144 32 0 0 40 12 0 0 0.5
O 416 144 464 144 0 0
165 176 96 192 96 14 11.99999988
w 240 64 304 64 0
w 304 64 304 128 0
w 160 192 176 192 0
g 272 288 272 304 0 0
r 144 64 144 128 0 1000
w 144 128 112 128 0
d 112 128 16 128 2 default
d 16 192 112 192 2 default
174 -16 128 -64 176 1 10000 0.5 Resistance
w 112 128 112 192 0
w 16 128 -16 128 0
w 16 192 -16 192 0
w -64 224 -64 160 0
w -64 224 112 224 0
w 160 224 176 224 0
f 368 160 416 160 32 1.5 0.02
162 416 64 416 144 2 default-led 1 0 0 0.01
g 416 288 416 304 0 0
w 416 288 416 176 0
w 272 256 272 288 0
r 304 64 416 64 0 1000
r 304 160 368 160 0 1000
w 144 128 176 128 0
o 2 1 0 135434 10 0.00625 0 2 2 3
o 6 1 0 135434 20 0.00009765625 1 1
